-6.74407958984
-6.47491455078
-6.75155639648
-6.78894042969
-6.70669555664
-6.9758605957
-6.33285522461
-6.75155639648
-6.47491455078
-6.6618347168
-6.47491455078
-7.05810546875
-6.78894042969
-6.41510009766
-6.60949707031
-6.31790161133
-6.61697387695
-6.93099975586
-6.4599609375
-6.41510009766
-6.90856933594
-6.76651000977
-6.43753051758
-6.6618347168
-6.81137084961
-6.68426513672
-6.78146362305
-6.69921875
-6.67678833008
-6.60202026367
-6.83380126953
-6.89361572266
-7.13287353516
-6.6618347168
-6.72164916992
-6.44500732422
-6.81137084961
-6.89361572266
-7.33474731445
-6.4973449707
-6.72912597656
-6.71417236328
-6.41510009766
-7.00576782227
-6.87866210938
-6.34033203125
-6.62445068359
-6.83380126953
-6.31790161133
-6.54968261719
-6.60202026367
-6.85623168945
-6.77398681641
-7.11791992188
-6.72164916992
-6.48239135742
-6.56463623047
-6.43753051758
-6.90856933594
-6.40762329102
-7.04315185547
-6.54968261719
-6.87866210938
-6.79641723633
-6.99829101562
-6.95343017578
-6.60949707031
-6.75903320312
-6.75903320312
-6.9758605957
-6.75155639648
-6.7366027832
-6.9758605957
-6.9010925293
-6.75903320312
-7.06558227539
-7.05062866211
-6.64688110352
-6.9010925293
-6.40014648438
-6.74407958984
-6.57211303711
-7.17025756836
-6.93099975586
-6.63192749023
-6.61697387695
-7.20764160156
-6.9758605957
-6.68426513672
-6.96838378906
-6.75155639648
-7.05810546875
-6.66931152344
-6.96838378906
-6.91604614258
-7.01324462891
-7.31231689453
-7.00576782227
-7.06558227539
-6.6618347168
-6.56463623047
-6.59454345703
-7.68615722656
-7.36465454102
-5.17395019531
-1.60751342773
3.82064819336
-15.1629638672
-13.0918884277
-20.4415893555
-30.1240539551
-11.8283081055
-11.2600708008
-13.7797546387
-16.3069152832
-18.8565063477
-19.5742797852
-20.1948547363
-30.146484375
-25.9669494629
-21.2789916992
-31.395111084
-28.3670043945
-25.2342224121
-20.9873962402
-14.8937988281
-14.0414428711
-21.3537597656
-17.3536682129
-16.9274902344
-20.2770996094
-20.4640197754
-21.2117004395
-19.432220459
-18.3779907227
-13.0918884277
-12.7255249023
-17.144317627
-15.2003479004
-15.3199768066
-20.1126098633
-19.1705322266
-21.0920715332
-13.6451721191
-15.2153015137
-20.6285095215
-22.1911621094
-18.4228515625
-14.7816467285
-14.1984558105
-15.604095459
-14.4975280762
-15.207824707
-15.6564331055
-12.8750610352
-14.0414428711
-24.8080444336
-32.8456115723
-41.3243103027
-31.9857788086
-27.3127746582
-30.9913635254
-32.2325134277
-25.7725524902
-22.1836853027
-37.2943115234
-27.9557800293
-22.7593994141
-21.6229248047
-22.0042419434
-31.2231445312
-32.8082275391
-30.520324707
-32.5540161133
-33.5409545898
-33.8250732422
-23.2902526855
-19.0284729004
-24.2846679688
-24.591217041
-27.4473571777
-25.8547973633
-20.2696228027
-30.1165771484
-22.6846313477
-20.9649658203
-14.3928527832
-14.2208862305
-20.179901123
-23.5893249512
-23.3276367188
-20.2920532227
-19.723815918
-17.600402832
-16.4489746094
-10.9609985352
4.20944213867
0.747680664062
-16.3667297363
30.9539794922
14.751739502
-2.93090820312
-16.9050598145
12.2769165039
-5.0244140625
-2.66174316406
6.67678833008
11.2226867676
-0.545806884766
6.82632446289
5.60760498047
4.39636230469
0.314025878906
2.31033325195
3.55895996094
2.64678955078
0.979461669922
5.41320800781
13.6750793457
8.38150024414
10.6394958496
10.5497741699
15.1405334473
9.03198242188
2.28790283203
12.3442077637
12.3068237305
9.19647216797
8.94226074219
13.2862854004
10.9759521484
3.23745727539
12.9647827148
6.09359741211
13.6077880859
11.1404418945
-1.33087158203
-1.25610351562
10.3479003906
9.65255737305
15.1181030273
11.3572692871
11.8208312988
12.7928161621
6.78894042969
16.2620544434
18.2733154297
8.80767822266
20.2546691895
30.4455566406
17.8620910645
3.26736450195
-0.7177734375
-6.13845825195
2.67669677734
6.67678833008
4.74029541016
4.97207641602
5.74966430664
6.40014648438
3.47671508789
20.9275817871
3.43933105469
10.6544494629
9.0544128418
6.95343017578
17.2340393066
9.27124023438
21.637878418
12.3741149902
21.0472106934
31.58203125
21.9444274902
21.9219970703
18.2807922363
23.5818481445
23.0061340332
10.9385681152
2.46734619141
1.74957275391
2.44491577148
15.873260498
30.8642578125
14.9237060547
11.8955993652
19.9182128906
20.5686950684
17.9592895508
11.8507385254
1.72714233398
2.46734619141
17.7723693848
27.2380065918
25.443572998
8.00018310547
-2.51968383789
6.37023925781
-5.58517456055
5.65246582031
11.3198852539
-0.314025878906
3.55895996094
5.80200195312
4.33654785156
13.3236694336
7.03567504883
10.1834106445
-2.53463745117
1.93649291992
-10.6170654297
-13.1143188477
1.72714233398
-0.201873779297
6.34780883789
-1.57760620117
6.57211303711
8.35906982422
6.60949707031
-6.89361572266
-5.15899658203
0.702819824219
9.42077636719
-1.76452636719
4.94964599609
7.16278076172
4.00756835938
-0.702819824219
3.08792114258
-0.657958984375
8.24691772461
-3.31970214844
7.6936340332
10.1460266113
3.7907409668
12.1722412109
2.73651123047
-5.13656616211
2.55706787109
-7.55905151367
-6.63192749023
3.36456298828
4.80010986328
-24.6659851074
-8.92730712891
-11.8432617188
0.964508056641
-5.54779052734
-6.24313354492
-10.7067871094
-8.83758544922
-14.647064209
-12.0002746582
-9.46563720703
-7.76840209961
-7.17025756836
-6.29547119141
-7.33474731445
-5.48049926758
-8.73291015625
-7.8955078125
-9.95910644531
-10.153503418
-9.37591552734
-8.84506225586
-6.48986816406
-2.89352416992
-19.1256713867
-31.7390441895
-32.4119567871
-14.4302368164
-12.2619628906
-14.5124816895
-14.0264892578
-10.1235961914
-13.6975097656
-21.4135742188
-22.198638916
-25.2641296387
-26.6398620605
-19.8135375977
-24.591217041
-28.8679504395
-14.5050048828
-23.0958557129
-18.6770629883
-12.8302001953
-7.11044311523
-10.0263977051
-16.8901062012
-9.85443115234
-9.73480224609
-6.2580871582
-11.1329650879
-12.5386047363
-14.8863220215
-10.1011657715
-13.4732055664
-13.8096618652
-10.1161193848
-14.8414611816
-16.5461730957
-20.4490661621
-14.5648193359
-15.5592346191
-10.5497741699
-12.4937438965
-14.1386413574
-16.8228149414
-21.6528320312
-20.763092041
-8.46374511719
-4.65057373047
-17.2789001465
-12.2096252441
-11.4170837402
-12.3143005371
-10.7441711426
-15.8134460449
-11.2825012207
-10.632019043
-7.18521118164
-18.5723876953
-16.351776123
-12.0002746582
-15.7312011719
-16.3667297363
-15.1779174805
-9.11422729492
-11.297454834
-16.2994384766
-10.818939209
-13.9517211914
-19.3350219727
-18.7817382812
-11.4395141602
-11.3647460938
-8.86749267578
-16.0900878906
-22.9537963867
-14.0713500977
-7.59643554688
-13.5479736328
-16.0227966309
-16.6583251953
-23.7911987305
-19.035949707
-13.876953125
-8.11981201172
-7.63381958008
-10.3105163574
-14.1610717773
-0.762634277344
-17.1517944336
-16.7929077148
0.83740234375
-15.9629821777
-58.3415222168
-57.6985168457
-16.8377685547
17.5256347656
2.60192871094
12.336730957
-8.16467285156
7.82821655273
2.37762451172
-16.0452270508
-10.6021118164
-1.29348754883
0.702819824219
-9.3310546875
-16.2770080566
-16.4639282227
-5.9814453125
-7.02072143555
-6.2580871582
-6.53472900391
-6.9384765625
-4.38140869141
-6.88613891602
-6.29547119141
-6.75903320312
-6.34033203125
-6.14593505859
-6.79641723633
-6.52725219727
-6.72164916992
-6.84127807617
-6.78894042969
-6.60202026367
-6.46743774414
-6.57211303711
-6.13098144531
-6.43753051758
-6.37023925781
-6.52725219727
-6.13845825195
-6.67678833008
-6.41510009766
-6.45248413086
-6.36276245117
-6.62445068359
-6.63940429688
-6.51229858398
-5.9440612793
-6.74407958984
-6.43753051758
-6.51977539062
-6.62445068359
-6.2580871582
-6.67678833008
-6.79641723633
-6.04125976562
-6.11602783203
-6.53472900391
-6.31790161133
-6.4599609375
-6.63940429688
-6.28799438477
-6.10855102539
-6.21322631836
-6.53472900391
-6.37023925781
-6.04125976562
-6.40014648438
-6.37771606445
-6.22817993164
-6.26556396484
-6.54968261719
-6.38519287109
-6.6618347168
-6.26556396484
-6.43005371094
-6.46743774414
-6.37771606445
-6.43753051758
-6.22817993164
-6.16836547852
-6.2580871582
-6.52725219727
-5.88424682617
-6.86370849609
-6.08612060547
-6.80389404297
-6.53472900391
-6.4599609375
-6.23565673828
