2.40802764893e-05
0.102259159088
0.206837177277
0.316698074341
0.426789999008
0.536791086197
0.64679312706
0.756998062134
0.866886138916
0.976251125336
1.08687996864
1.19706702232
1.30687403679
1.41678214073
1.52676916122
1.63679599762
1.74676299095
1.8567481041
1.96671199799
2.07675909996
2.18618512154
2.29682397842
2.40682005882
2.51676702499
2.62683010101
2.73687410355
2.84675812721
2.95697402954
3.0668861866
3.17672014236
3.28640413284
3.39671111107
3.50631213188
3.61696100235
3.72686815262
3.83681106567
3.94670915604
4.05680799484
4.16684508324
4.27673697472
4.3869240284
4.49621796608
4.60680818558
4.71686816216
4.82644510269
4.93671298027
5.04679012299
5.15692901611
5.26688408852
5.37680411339
5.48669600487
5.59671211243
5.70660805702
5.81622219086
5.92621898651
6.03678417206
6.14683699608
6.2567679882
6.36672711372
6.47684717178
6.58673405647
6.69683718681
6.8065290451
6.91687512398
7.02692604065
7.13676214218
7.24675703049
7.35675406456
7.46690297127
7.57674598694
7.68688201904
7.79680800438
7.90681004524
8.01666307449
8.12679004669
8.23675704002
8.34667396545
8.45703101158
8.56681704521
8.6762201786
8.78688716888
8.89685511589
9.00679016113
9.11627912521
9.2266690731
9.33676600456
9.44670319557
9.55671715736
9.66681218147
9.77682900429
9.88688516617
9.99700903893
10.107019186
10.2167310715
10.3269841671
10.4368441105
10.5468211174
10.656717062
10.7669019699
10.8770551682
10.9869091511
11.0967981815
11.2067890167
11.3167471886
11.4268300533
11.5369341373
11.6467001438
11.7569639683
11.8666791916
11.9768691063
12.0869481564
12.1967639923
12.3068289757
12.4168171883
12.5268030167
12.6365749836
12.7469711304
12.8568329811
12.9668631554
13.0767669678
13.1866750717
13.2967469692
13.4067671299
13.516767025
13.6269240379
13.7369470596
13.8469290733
13.9567391872
14.0668962002
14.1769030094
14.2866940498
14.3968350887
14.5068969727
14.6169490814
14.7267181873
14.836977005
14.946819067
15.0563640594
15.1670691967
15.2768750191
15.387016058
15.4970450401
15.6069431305
15.7170441151
15.826980114
15.9370970726
16.0468831062
16.1567490101
16.2668540478
16.3768980503
16.486839056
16.5967700481
16.7068340778
16.8169660568
16.926762104
17.0369200706
17.1467089653
17.2564930916
17.3668260574
17.4762570858
17.586714983
17.696778059
17.8068091869
17.9167540073
18.0268340111
18.1368410587
18.2468101978
18.3571090698
18.4666721821
18.5768530369
18.6868271828
18.7968201637
18.9069349766
19.0167939663
19.1266989708
19.2369310856
19.3468999863
19.4568791389
19.5663130283
19.6768660545
19.7869441509
19.8968241215
20.0068011284
20.1167891026
20.2267401218
20.3369891644
20.4469439983
20.5568540096
20.6666920185
20.7768490314
20.8863461018
20.9969229698
21.1067950726
21.2168200016
21.3269650936
21.4368951321
21.5467140675
21.6569051743
21.7667820454
21.8766541481
21.986716032
22.0968949795
22.2069890499
22.3167390823
22.4268050194
22.5368201733
22.6468691826
22.7570650578
22.8668470383
22.9769320488
23.0862960815
23.1968581676
23.3068170547
23.4169871807
23.5269241333
23.6367650032
23.7468440533
23.8568181992
23.9669940472
24.0768301487
24.1867611408
24.29677701
24.4069039822
24.5167109966
24.6267471313
24.7370910645
24.8470289707
24.956485033
25.0662841797
25.1768100262
25.2868101597
25.3967330456
25.5067510605
25.6169559956
25.7268431187
25.8367061615
25.9468829632
26.0568799973
26.1667990685
26.2768061161
26.3870279789
26.49685812
26.6068351269
26.716725111
26.8271181583
26.9367790222
27.0466890335
27.1568191051
27.2668681145
27.3767771721
27.4867711067
27.5967509747
27.7065241337
27.8170070648
27.926707983
28.0368740559
28.1467540264
28.2562420368
28.3668191433
28.4767651558
28.5868120193
28.6968259811
28.8068711758
28.9166650772
29.02673316
29.1369700432
29.246860981
29.3569140434
29.4661750793
29.576791048
29.686743021
29.7967259884
29.9062821865
30.0160331726
30.1267271042
30.2362229824
30.3470411301
30.4570231438
30.5668611526
30.6767811775
30.7870249748
30.8970170021
31.0067560673
31.1167421341
31.2268280983
31.3367931843
31.4468309879
31.5568060875
31.6669921875
31.7769401073
31.8862700462
31.9968299866
32.1067130566
32.2162611485
32.3269500732
32.436841011
32.5467841625
32.656701088
32.7669479847
32.8768069744
32.9868099689
33.0967490673
33.2068040371
33.3167891502
33.426431179
33.5364301205
33.6469449997
33.7567751408
33.8668279648
33.9768071175
34.086769104
34.1967880726
34.306730032
34.4169301987
34.5268671513
34.6368401051
34.7468831539
34.8567581177
34.9662070274
35.0763170719
35.1869909763
35.2968330383
35.4069151878
35.5166871548
35.6270310879
35.7369351387
35.8468701839
35.9569191933
36.0668711662
36.1768400669
36.2870690823
36.3967761993
36.5068039894
36.6168210506
36.7267010212
36.8369979858
36.9467949867
37.0566501617
37.1668870449
37.2767820358
37.3867630959
37.496915102
37.6070291996
37.7165541649
37.8267459869
37.9361941814
38.0467851162
38.1567831039
38.2668950558
38.3768181801
38.4867579937
38.5967609882
38.7070741653
38.8169081211
38.9268410206
39.0367021561
39.1467211246
39.2568321228
39.3667562008
39.4768521786
39.5869669914
39.6967310905
39.8068721294
39.9167470932
40.0264971256
40.1364071369
40.2468421459
40.3568241596
40.4668111801
40.5769040585
40.6868531704
40.7964980602
40.9067530632
41.0162761211
41.1267440319
41.2368509769
41.3467860222
41.4567730427
41.5667951107
41.676846981
41.7867760658
41.8966860771
42.006757021
42.1168260574
42.2268600464
42.3366651535
42.4469060898
42.556923151
42.6669621468
42.7769739628
42.8862690926
42.9968850613
43.1067290306
43.2168941498
43.3267991543
43.4367730618
43.546995163
43.6567440033
43.7663049698
43.8769421577
43.9867970943
44.0967860222
44.2067861557
44.3168931007
44.4268369675
44.5369169712
44.6468081474
44.7564539909
44.8662810326
44.9769060612
45.0867400169
45.1968770027
45.3068239689
45.4166691303
45.5267441273
45.6369650364
45.7469041348
45.8567349911
45.9668390751
46.077080965
46.1867311001
46.2967970371
46.4068841934
46.5167520046
46.6270911694
46.7370460033
46.8467760086
46.9569051266
47.0667870045
47.1767990589
47.2867560387
47.3967649937
47.5064921379
47.6168031693
47.7267501354
47.8368170261
47.9468111992
48.056841135
48.1667761803
48.2767801285
48.3868861198
48.496915102
48.6062631607
48.7168860435
48.8268120289
48.9368810654
49.0467400551
49.1569709778
49.2668201923
49.376734972
49.4867210388
49.5969030857
49.7068161964
49.8163130283
49.9267671108
50.0369341373
50.1468081474
50.2567901611
50.3668181896
50.4763071537
50.5867071152
50.6970310211
50.8069601059
50.9169530869
51.0269219875
51.1368210316
51.2463781834
51.35693717
51.4669380188
51.5768101215
51.6869029999
51.796847105
51.906701088
52.0167980194
52.1263620853
52.2367751598
52.3468019962
52.4567840099
52.5668840408
52.6767790318
52.7869081497
52.8967881203
53.006218195
53.1170210838
53.2268071175
53.3366951942
53.4467380047
53.556812048
53.6668031216
53.7764110565
53.8867499828
53.9968011379
54.1069869995
54.216864109
54.3267681599
54.436743021
54.5467910767
54.6567571163
54.7668571472
54.8768591881
54.9867460728
55.0968270302
55.2062990665
55.3168001175
55.4268779755
55.5368449688
55.6467261314
55.7564470768
55.8669350147
55.9770011902
56.0869469643
56.1969161034
56.3069970608
56.4166550636
56.5269160271
56.636744976
56.7468020916
56.8570041656
56.9669079781
57.0762631893
57.1868841648
57.2963001728
57.4063770771
57.5168201923
57.6267590523
57.7368941307
57.8469371796
57.9563720226
58.0668241978
58.1762361526
58.286700964
58.3968241215
58.5064871311
58.6162211895
58.7267971039
58.8368110657
58.94688797
59.0570960045
59.167080164
59.2768521309
59.3868119717
59.4968211651
59.6068241596
59.7168791294
59.8270311356
59.9368150234
